0	122.99578459
1	126.50050207
2	130.00521956
3	133.50993705
4	137.01465453
5	140.51937202
6	144.02408951
7	147.52880699
8	151.03352448
9	154.53824197
10	158.04295946
11	161.54767694
14	172.06182940
15	175.56654689
16	179.07126438
18	186.08069935
19	189.58541684
20	193.09013433
21	196.59485181
22	200.09956930
23	203.60428679
24	207.10900427
25	210.61372176
26	214.11843925
27	217.62315674
28	221.12787422
29	224.63259171
30	228.13730920
31	231.64202668
32	235.14674417
33	238.65146166
34	242.15617914
35	245.66089663
36	249.16561412
37	252.67033161
40	263.18448407
41	266.68920155
42	270.19391904
43	273.69863653
44	277.20335401
46	284.21278899
47	287.71750648
49	294.72694145
50	298.23165894
51	301.73637642
52	305.24109391
53	308.74581140
54	312.25052889
55	315.75524637
56	319.25996386
58	326.26939883
59	329.77411632
60	333.27883381
61	336.78355129
62	340.28826878
63	343.79298627
64	347.29770376
66	354.30713873
67	357.81185622
68	361.31657370
69	364.82129119
70	368.32600868
71	371.83072616
72	375.33544365
73	378.84016114
74	382.34487863
75	385.84959611
76	389.35431360
77	392.85903109
78	396.36374857
80	403.37318355
81	406.87790104
82	410.38261852
83	413.88733601
84	417.39205350
85	420.89677098
86	424.40148847
87	427.90620596
88	431.41092344
89	434.91564093
90	438.42035842
91	441.92507591
92	445.42979339
93	448.93451088
94	452.43922837
95	455.94394585
96	459.44866334
97	462.95338083
98	466.45809832
99	469.96281580
100	473.46753329
101	476.97225078
102	480.47696826
103	483.98168575
104	487.48640324
105	490.99112072
106	494.49583821
107	498.00055570
108	501.50527319
109	505.00999067
110	508.51470816
111	512.01942565
112	515.52414313
113	519.02886062
114	522.53357811
115	526.03829559
116	529.54301308
117	533.04773057
118	536.55244806
119	540.05716554
120	543.56188303
121	547.06660052
122	550.57131800
123	554.07603549
124	557.58075298
125	561.08547047
126	564.59018795
127	568.09490544
128	571.59962293
129	575.10434041
130	578.60905790
131	582.11377539
132	585.61849287
133	589.12321036
134	592.62792785
135	596.13264534
136	599.63736282
137	603.14208031
138	606.64679780
139	610.15151528
140	613.65623277
141	617.16095026
142	620.66566774
143	624.17038523
144	627.67510272
145	631.17982021
146	634.68453769
147	638.18925518
148	641.69397267
149	645.19869015
150	648.70340764
151	652.20812513
152	655.71284262
153	659.21756010
154	662.72227759
155	666.22699508
156	669.73171256
157	673.23643005
158	676.74114754
159	680.24586502
160	683.75058251
161	687.25530000
163	694.26473497
164	697.76945246
165	701.27416995
166	704.77888743
167	708.28360492
168	711.78832241
169	715.29303989
170	718.79775738
175	736.32134482
176	739.82606230
177	743.33077979
178	746.83549728
179	750.34021477
180	753.84493225
181	757.34964974
182	760.85436723
183	764.35908471
184	767.86380220
185	771.36851969
186	774.87323717
187	778.37795466
188	781.88267215
189	785.38738964
190	788.89210712
191	792.39682461
192	795.90154210
193	799.40625958
196	809.92041204
197	813.42512953
198	816.92984702
199	820.43456451
200	823.93928199
201	827.44399948
202	830.94871697
203	834.45343445
204	837.95815194
205	841.46286943
207	848.47230440
208	851.97702189
209	855.48173938
210	858.98645686
211	862.49117435
212	865.99589184
213	869.50060932
214	873.00532681
215	876.51004430
216	880.01476179
217	883.51947927
218	887.02419676
219	890.52891425
220	894.03363173
221	897.53834922
222	901.04306671
223	904.54778419
224	908.05250168
225	911.55721917
226	915.06193666
227	918.56665414
228	922.07137163
229	925.57608912
230	929.08080660
231	932.58552409
232	936.09024158
233	939.59495907
234	943.09967655
235	946.60439404
236	950.10911153
237	953.61382901
238	957.11854650
239	960.62326399
240	964.12798147
241	967.63269896
242	971.13741645
243	974.64213394
244	978.14685142
245	981.65156891
246	985.15628640
247	988.66100388
248	992.16572137
249	995.67043886
250	999.17515635
251	1002.67987383
252	1006.18459132
253	1009.68930881
254	1013.19402629
255	1016.69874378
256	1020.20346127
257	1023.70817875
258	1027.21289624
259	1030.71761373
260	1034.22233122
261	1037.72704870
262	1041.23176619
263	1044.73648368
264	1048.24120116
265	1051.74591865
266	1055.25063614
267	1058.75535362
268	1062.26007111
269	1065.76478860
270	1069.26950609
271	1072.77422357
272	1076.27894106
273	1079.78365855
274	1083.28837603
275	1086.79309352
276	1090.29781101
277	1093.80252850
278	1097.30724598
279	1100.81196347
280	1104.31668096
281	1107.82139844
282	1111.32611593
283	1114.83083342
286	1125.34498588
287	1128.84970337
288	1132.35442085
289	1135.85913834
290	1139.36385583
291	1142.86857331
292	1146.37329080
293	1149.87800829
294	1153.38272577
295	1156.88744326
296	1160.39216075
298	1167.40159572
299	1170.90631321
300	1174.41103070
301	1177.91574818
302	1181.42046567
303	1184.92518316
304	1188.42990065
305	1191.93461813
306	1195.43933562
307	1198.94405311
308	1202.44877059
309	1205.95348808
310	1209.45820557
311	1212.96292305
312	1216.46764054
313	1219.97235803
314	1223.47707552
315	1226.98179300
316	1230.48651049
317	1233.99122798
318	1237.49594546
319	1241.00066295
320	1244.50538044
321	1248.01009792
322	1251.51481541
323	1255.01953290
324	1258.52425039
325	1262.02896787
326	1265.53368536
328	1272.54312033
329	1276.04783782
330	1279.55255531
331	1283.05727280
332	1286.56199028
335	1297.07614274
336	1300.58086023
337	1304.08557772
338	1307.59029520
339	1311.09501269
340	1314.59973018
341	1318.10444767
342	1321.60916515
343	1325.11388264
344	1328.61860013
345	1332.12331761
346	1335.62803510
347	1339.13275259
348	1342.63747007
349	1346.14218756
350	1349.64690505
351	1353.15162254
352	1356.65634002
353	1360.16105751
354	1363.66577500
355	1367.17049248
356	1370.67520997
357	1374.17992746
358	1377.68464495
359	1381.18936243
360	1384.69407992
361	1388.19879741
362	1391.70351489
363	1395.20823238
364	1398.71294987
365	1402.21766735
366	1405.72238484
367	1409.22710233
368	1412.73181982
370	1419.74125479
371	1423.24597228
372	1426.75068976
373	1430.25540725
374	1433.76012474
375	1437.26484222
376	1440.76955971
377	1444.27427720
378	1447.77899469
379	1451.28371217
380	1454.78842966
381	1458.29314715
382	1461.79786463
383	1465.30258212
384	1468.80729961
385	1472.31201710
386	1475.81673458
390	1489.83560453
391	1493.34032202
392	1496.84503950
393	1500.34975699
394	1503.85447448
395	1507.35919197
396	1510.86390945
397	1514.36862694
398	1517.87334443
399	1521.37806191
400	1524.88277940
401	1528.38749689
402	1531.89221438
403	1535.39693186
404	1538.90164935
405	1542.40636684
406	1545.91108432
407	1549.41580181
408	1552.92051930
409	1556.42523678
410	1559.92995427
411	1563.43467176
412	1566.93938925
413	1570.44410673
414	1573.94882422
415	1577.45354171
416	1580.95825919
418	1587.96769417
